 Seq   MD      CL        INC      AZI      TVD      VS       NS       EW      CD     CA    DLS
  #      m        m         deg      deg       m         m        m         m       m     deg   deg/30m
   1     0.00   0.00     0.00    0.00    0.00    0.00     0.00     0.00    0.00    0.00   0.00 
   2    29.64  29.64     0.06  255.20   29.64   -0.02     0.00    -0.02    0.02  255.20   0.06 
   3    57.79  28.15     0.09  258.12   57.79   -0.05    -0.01    -0.05    0.05  256.23   0.03 
   4    85.00  27.21     0.62   57.37   85.00   -0.07     0.10    -0.10    0.14  315.57   0.78 
   5    94.31   9.31     0.94   59.94   94.31    0.05     0.16     0.01    0.16    4.25   1.04 
   6   103.61   9.30     1.26   62.50  103.61    0.23     0.25     0.17    0.30   34.02   1.04 
   7   112.74   9.13     1.58   65.02  112.73    0.45     0.35     0.37    0.51   46.72   1.07 
   8   122.07   9.33     2.66   66.00  122.06    0.79     0.49     0.69    0.84   54.29   3.47 
   9   131.14   9.07     3.71   66.95  131.11    1.29     0.69     1.15    1.34   58.84   3.48 
  10   140.32   9.18     4.78   67.92  140.27    1.96     0.95     1.78    2.02   61.73   3.50 
  11   149.55   9.23     5.86   67.48  149.46    2.81     1.28     2.57    2.87   63.50   3.51 
  12   158.61   9.06     6.92   67.04  158.46    3.81     1.67     3.50    3.87   64.48   3.51 
  13   167.87   9.26     8.00   66.60  167.64    5.00     2.14     4.60    5.08   65.04   3.50 
  14   177.40   9.53     9.15   69.23  177.07    6.41     2.68     5.92    6.50   65.66   3.82 
  15   187.00   9.60    10.32   71.88  186.53    8.02     3.22     7.45    8.11   66.64   3.91 
  16   196.51   9.51    11.47   74.51  195.87    9.82     3.74     9.17    9.90   67.83   3.95 
  17   205.96   9.45    12.72   74.67  205.11   11.80     4.26    11.08   11.87   68.95   3.97 
  18   215.62   9.66    13.99   74.84  214.51   14.03     4.85    13.23   14.09   69.87   3.95 
  19   225.18   9.56    15.25   75.00  223.76   16.44     5.48    15.56   16.50   70.61   3.96 
  20   234.62   9.44    16.50   75.36  232.84   19.03     6.14    18.06   19.07   71.23   3.98 
  21   244.22   9.60    17.77   75.73  242.01   21.85     6.84    20.80   21.89   71.78   3.98 
  22   253.77   9.55    19.04   76.10  251.07   24.87     7.58    23.72   24.90   72.28   4.01 
  23   263.26   9.49    20.28   75.87  260.01   28.06     8.35    26.82   28.09   72.70   3.93 
  24   272.66   9.40    21.51   75.63  268.79   31.41     9.18    30.07   31.44   73.03   3.94 
  25   282.07   9.41    22.74   75.40  277.51   34.96    10.06    33.50   34.98   73.28   3.93 
  26   291.54   9.47    23.98   75.11  286.20   38.71    11.02    37.13   38.73   73.47   3.95 
  27   301.11   9.57    25.24   74.81  294.90   42.70    12.05    40.98   42.71   73.61   3.97 
  28   310.69   9.58    26.50   74.51  303.52   46.88    13.16    45.01   46.89   73.70   3.97 
  29   320.22   9.53    27.56   74.66  312.01   51.21    14.31    49.19   51.22   73.78   3.34 
  30   329.81   9.59    28.64   74.80  320.47   55.72    15.50    53.54   55.74   73.86   3.38 
  31   339.43   9.62    29.71   74.95  328.87   60.41    16.72    58.07   60.43   73.94   3.34 
  32   349.06   9.63    30.54   75.13  337.20   65.25    17.97    62.74   65.26   74.02   2.60 
  33   358.48   9.42    31.36   75.31  345.27   70.09    19.21    67.42   70.11   74.10   2.63 
  34   367.85   9.37    32.17   75.48  353.24   75.02    20.45    72.20   75.04   74.19   2.61 
  35   377.49   9.64    32.89   75.10  361.37   80.21    21.77    77.21   80.22   74.26   2.33 
  36   387.13   9.64    33.61   74.72  369.43   85.49    23.14    82.31   85.50   74.30   2.33 
  37   396.61   9.48    34.32   74.34  377.29   90.79    24.55    87.42   90.80   74.31   2.35 
  38   406.20   9.59    35.45   74.02  385.16   96.27    26.05    92.70   96.29   74.30   3.58 
  39   415.83   9.63    36.58   73.69  392.95  101.93    27.62    98.13  101.95   74.28   3.57 
  40   425.38   9.55    37.71   73.37  400.56  107.70    29.26   103.66  107.71   74.24   3.60 
  41   434.83   9.45    38.64   72.03  407.99  113.53    31.00   109.24  113.55   74.16   3.95 
  42   444.45   9.62    39.59   70.67  415.45  119.59    32.94   114.99  119.61   74.02   3.99 
  43   453.93   9.48    40.52   69.33  422.71  125.66    35.02   120.72  125.70   73.82   4.01 
  44   463.70   9.77    41.78   69.09  430.07  132.06    37.31   126.73  132.11   73.60   3.90 
  45   473.16   9.46    43.00   68.86  437.05  138.39    39.59   132.69  138.47   73.38   3.90 
  46   482.83   9.67    44.25   68.62  444.05  145.02    42.01   138.90  145.12   73.17   3.91 
  47   511.45  28.62    44.74   69.42  464.47  164.96    49.19   157.63  165.13   72.67   0.78 
  48   540.19  28.74    44.96   70.65  484.84  185.15    56.11   176.68  185.38   72.38   0.93 
  49   568.63  28.44    45.26   71.17  504.91  205.24    62.70   195.72  205.52   72.24   0.50 
  50   587.70  19.07    45.26   71.79  518.34  218.76    67.01   208.57  219.07   72.19   0.69 
  51   609.21  21.51    45.13   72.78  533.50  234.00    71.65   223.10  234.33   72.20   1.00 
  52   637.76  28.55    44.96   74.10  553.67  254.19    77.41   242.47  254.53   72.29   1.00 
  53   666.38  28.62    44.60   73.11  573.98  274.34    83.10   261.81  274.68   72.39   0.82 
  54   695.06  28.68    44.38   73.37  594.44  294.43    88.89   281.05  294.78   72.45   0.30 
  55   723.37  28.31    43.81   72.58  614.77  314.11    94.66   299.89  314.48   72.48   0.84 
  56   751.89  28.52    43.68   72.67  635.38  333.81   100.55   318.71  334.20   72.49   0.15 
  57   780.56  28.67    43.68   72.58  656.11  353.59   106.46   337.61  354.00   72.50   0.07 
  58   809.38  28.82    45.40   73.02  676.65  373.79   112.44   356.92  374.21   72.51   1.82 
  59   838.12  28.74    45.79   73.46  696.76  394.31   118.36   376.58  394.74   72.55   0.52 
  60   866.80  28.68    45.40   73.37  716.83  414.78   124.21   396.21  415.23   72.59   0.41 
  61   895.48  28.68    45.92   71.00  736.88  435.27   130.49   415.74  435.74   72.57   1.85 
  62   923.84  28.36    46.10   70.29  756.57  455.60   137.25   434.99  456.13   72.49   0.57 
  63   952.44  28.60    45.44   70.73  776.52  476.03   144.09   454.31  476.61   72.40   0.77 
  64   980.92  28.48    45.04   70.29  796.58  496.18   150.83   473.37  496.82   72.33   0.53 
  65  1010.50  29.58    44.82   70.21  817.52  516.99   157.89   493.04  517.70   72.24   0.23 
  66  1038.89  28.39    46.45   70.73  837.37  537.22   164.68   512.16  537.99   72.18   1.77 
  67  1067.61  28.72    46.41   70.47  857.16  557.96   171.59   531.79  558.79   72.12   0.20 
  68  1096.32  28.71    46.36   69.68  876.97  578.66   178.67   551.33  579.56   72.04   0.60 
  69  1124.91  28.59    46.76   70.56  896.63  599.34   185.73   570.85  600.31   71.98   0.79 
  70  1153.52  28.61    46.49   69.85  916.27  620.05   192.77   590.42  621.09   71.92   0.61 
  71  1181.87  28.35    46.32   69.68  935.82  640.49   199.87   609.69  641.61   71.85   0.22 
  72  1210.53  28.66    46.27   70.12  955.63  661.12   207.00   629.14  662.32   71.79   0.34 
  73  1239.08  28.55    46.01   69.94  975.41  681.62   214.03   648.49  682.90   71.74   0.31 
  74  1267.54  28.46    46.41   70.12  995.10  702.08   221.04   667.80  703.43   71.69   0.44 
  75  1295.96  28.42    44.47   71.09 1015.04  722.26   227.77   686.90  723.68   71.66   2.17 
  76  1324.33  28.37    42.50   71.70 1035.63  741.74   233.99   705.40  743.20   71.65   2.13 
  77  1352.76  28.43    41.31   71.26 1056.79  760.69   240.03   723.41  762.19   71.64   1.29 
  78  1381.15  28.39    39.77   72.93 1078.36  779.11   245.70   740.96  780.64   71.65   1.99 
  79  1409.67  28.52    38.67   73.81 1100.45  797.13   250.86   758.24  798.66   71.69   1.30 
  80  1438.09  28.42    36.12   73.90 1123.03  814.39   255.66   774.82  815.91   71.74   2.69 
  81  1466.74  28.65    34.58   74.69 1146.40  830.96   260.15   790.78  832.47   71.79   1.68 
  82  1495.40  28.66    32.74   74.60 1170.25  846.84   264.35   806.09  848.33   71.84   1.93 
  83  1523.94  28.54    32.12   75.04 1194.34  862.15   268.36   820.86  863.62   71.90   0.70 
  84  1552.66  28.72    30.63   73.28 1218.86  877.10   272.44   835.25  878.56   71.93   1.83 
  85  1581.17  28.51    28.87   74.16 1243.61  891.24   276.41   848.83  892.70   71.96   1.91 
  86  1609.76  28.59    27.86   74.25 1268.77  904.82   280.10   861.90  906.27   72.00   1.06 
  87  1638.49  28.73    26.28   78.20 1294.35  917.89   283.22   874.59  919.31   72.06   2.50 
  88  1667.31  28.82    24.65   77.76 1320.37  930.26   285.80   886.71  931.63   72.14   1.71 
  89  1696.17  28.86    23.95   80.23 1346.67  942.11   288.06   898.37  943.42   72.22   1.28 
  90  1724.58  28.41    22.33   80.49 1372.80  953.23   289.93   909.38  954.48   72.32   1.71 
  91  1753.41  28.83    20.57   79.43 1399.63  963.74   291.77   919.76  964.93   72.40   1.88 
  92  1781.77  28.36    18.72   82.25 1426.34  973.23   293.29   929.17  974.36   72.48   2.20 
  93  1810.29  28.52    17.67   84.44 1453.43  982.04   294.32   938.01  983.10   72.58   1.32 
  94  1838.89  28.60    16.61   89.01 1480.76  990.30   294.80   946.42  991.28   72.70   1.80 
  95  1867.19  28.30    16.17   89.63 1507.91  998.05   294.90   954.41  998.93   72.83   0.50 
  96  1895.65  28.46    15.64   87.43 1535.28 1005.64   295.10   962.21 1006.44   72.95   0.85 
  97  1924.39  28.74    15.21   86.29 1562.99 1013.12   295.51   969.84 1013.86   73.05   0.55 
  98  1949.92  25.53    15.09   87.15 1587.63 1019.66   295.90   976.50 1020.35   73.14   0.30 
  99  1953.12   3.20    15.07   87.26 1590.72 1020.48   295.94   977.33 1021.15   73.15   0.33 
 100  1981.55  28.43    15.12   88.84 1618.17 1027.70   296.19   984.73 1028.31   73.26   0.44 
 101  2009.91  28.36    14.81   87.78 1645.56 1034.83   296.40   992.05 1035.38   73.36   0.44 
 102  2038.50  28.59    14.37   88.58 1673.23 1041.85   296.63   999.25 1042.35   73.47   0.51 
 103  2067.36  28.86    14.37   90.60 1701.19 1048.79   296.68  1006.41 1049.23   73.57   0.52 
 104  2096.06  28.70    14.41   85.50 1728.99 1055.74   296.93  1013.54 1056.14   73.67   1.33 
 105  2124.69  28.63    14.90   86.29 1756.69 1062.86   297.45  1020.76 1063.22   73.75   0.55 
 106  2153.52  28.83    13.05   87.17 1784.66 1069.68   297.84  1027.71 1070.00   73.84   1.94 
 107  2182.27  28.75    13.49   87.96 1812.65 1076.13   298.12  1034.31 1076.41   73.92   0.50 
 108  2210.66  28.39    13.49   84.36 1840.25 1082.63   298.57  1040.91 1082.89   74.00   0.89 
 109  2239.24  28.58    13.71   86.55 1868.03 1089.24   299.10  1047.61 1089.47   74.07   0.59 
 110  2267.69  28.45    13.36   89.01 1895.69 1095.74   299.36  1054.26 1095.94   74.15   0.71 
 111  2296.19  28.50    13.32   86.55 1923.42 1102.16   299.61  1060.83 1102.33   74.23   0.60 
 112  2324.85  28.66    13.32   85.41 1951.31 1108.65   300.07  1067.42 1108.80   74.30   0.27 
 113  2353.35  28.50    12.66   84.27 1979.08 1114.96   300.65  1073.80 1115.10   74.36   0.75 
 114  2381.79  28.44    12.44   82.16 2006.84 1121.08   301.38  1079.94 1121.20   74.41   0.54 
 115  2410.25  28.46    12.13   82.60 2034.65 1127.09   302.18  1085.94 1127.20   74.45   0.34 
 116  2438.59  28.34    11.73   83.92 2062.38 1132.89   302.87  1091.76 1132.99   74.50   0.51 
 117  2443.95   5.36    11.51   83.07 2067.63 1133.96   302.99  1092.83 1134.06   74.50   1.56 
 118  2467.27  23.32    10.55   79.35 2090.52 1138.40   303.68  1097.24 1138.49   74.53   1.54 
